 3534 32 114 256 781759.12 7407741.24 ["pereskia"] ["JL218"] 
 32 114 257 781757.19 7407721.53 ["pereskia"] ["JL217"] 
 32 114 258 781740.39 7407732.01 ["pereskia"] ["JL108"] 
 32 114 259 781720.67 7407733.72 ["syagrus"] ["JL81"] 
 32 114 260 781720.67 7407733.72 ["pereskia"] ["JL197"] 
 32 114 261 781720.67 7407733.72 ["pereskia"] ["JL197"] 
 32 114 262 781718.57 7407753.41 ["syagrus"] ["JL226"] 
 32 114 263 781718.57 7407753.41 ["syagrus"] ["JL226"] 
 32 114 264 781737.95 7407757.45 ["pereskia"] ["JL185"] 
 32 114 265 781737.95 7407757.45 ["pereskia"] ["JL185"] 
 32 114 266 781740.52 7407737.81 ["pereskia"] ["JL225"] 
 32 114 267 781726.5 7407735.98 ["pereskia"] ["JL225"] 
 32 114 268 781712.47 7407734.14 ["pereskia"] ["JL225"] 
 32 114 269 781694.78 7407760.35 ["pereskia"] ["JL217"] 
 32 114 270 781686.16 7407749.14 ["pereskia"] ["JL217"] 
 32 114 271 781684.32 7407763.16 ["pereskia"] ["JL217"] 
 32 114 272 781682.49 7407777.19 ["pereskia"] ["JL217"] 
 32 114 273 781691.1 7407788.4 ["pereskia"] ["JL217"] 
 32 114 274 781705.13 7407790.24 ["pereskia"] ["JL108"] 
 32 114 275 781729.61 7407789.27 ["syagrus"] ["JL81"] 
 32 114 277 781726.16 7407784.78 ["pereskia"] ["JL197"] 
 32 114 282 781663.98 7407729.86 ["syagrus"] ["JL80"] 
 32 114 283 781653.97 7407712.78 ["syagrus"] ["JL44"] 
 32 114 284 781653.97 7407712.78 ["syagrus"] ["JL44"] 
 32 114 285 781653.97 7407712.78 ["syagrus"] ["JL44"] 
 32 114 286 781665.95 7407728.55 ["pereskia"] ["JL218"] 
 32 114 287 781665.95 7407728.55 ["pereskia"] ["JL218"] 
 32 114 288 781684.11 7407736.43 ["syagrus"] ["JL135"] 
 32 114 289 781696.89 7407721.3 ["pereskia"] ["JL217"] 
 32 114 290 781697.61 7407701.51 ["pereskia"] ["JL108"] 
 32 114 291 781697.61 7407701.51 ["pereskia"] ["JL108"] 
 32 114 292 781697.61 7407701.51 ["pereskia"] ["JL108"] 
 32 114 293 781714.4 7407691.02 ["syagrus"] ["JL80"] 
 32 114 294 781727.45 7407676.13 ["pereskia"] ["JL109"] 
 32 114 295 781727.45 7407676.13 ["pereskia"] ["JL109"] 
 32 114 298 781735.28 7407667.19 ["syagrus"] ["JL81"] 
 32 114 299 781735.28 7407667.19 ["syagrus"] ["JL81"] 
 32 114 300 781735.28 7407667.19 ["syagrus"] ["JL81"] 
 32 114 301 781736.21 7407681.31 ["pereskia"] ["JL218"] 
 32 114 302 781746.85 7407690.63 ["pereskia"] ["JL218"] 
 32 114 303 781760.96 7407689.7 ["pereskia"] ["JL218"] 
 32 114 305 781759.48 7407667.12 ["pereskia"] ["JL204"] 
 32 114 306 781759.48 7407667.12 ["pereskia"] ["JL204"] 
 32 114 307 781768.8 7407656.48 ["pereskia"] ["JL204"] 
 32 114 315 782034.56 7407572.92 ["pereskia"] ["JL249"] 
 32 114 316 782016.72 7407581.5 ["pereskia"] ["JL192"] 
 32 114 317 781997.43 7407577.02 ["syagrus"] ["JL193"] 
 32 114 318 781981.07 7407565.86 ["syagrus"] ["JL142"] 
 32 114 319 781989.11 7407547.76 ["pereskia"] ["JL221"] 
 32 114 320 782004.55 7407535.36 ["pereskia"] ["JL194"] 
 32 114 321 782002.8 7407555.09 ["pereskia"] ["JL165"] 
 32 114 322 782002.8 7407555.09 ["pereskia"] ["JL165"] 
 32 114 323 782002.8 7407555.09 ["syagrus"] ["JL74"] 
 32 114 324 781999.5 7407574.61 ["celtis"] ["JL28"] 
 32 114 325 781991.67 7407592.8 ["pereskia"] ["JL146"] 
 32 114 326 781991.67 7407592.8 ["pereskia"] ["JL146"] 
 32 114 327 781980.78 7407576.26 ["pereskia"] ["JL146"] 
 32 114 328 781971.51 7407558.76 ["pereskia"] ["JL147"] 
 32 114 329 781971.51 7407558.76 ["pereskia"] ["JL147"] 
 32 114 330 781971.51 7407558.76 ["pereskia"] ["JL147"] 
 32 114 331 781988.14 7407548.02 ["syagrus"] ["JL25"] 
 32 114 332 781988.14 7407548.02 ["syagrus"] ["JL25"] 
 32 114 333 781988.14 7407548.02 ["syagrus"] ["JL25"] 
 32 114 335 781990.99 7407546.17 ["pereskia"] ["JL194"] 
 32 114 336 781998.67 7407558.05 ["pereskia"] ["JL165"] 
 32 114 337 782006.35 7407569.93 ["pereskia"] ["JL165"] 
 32 114 339 782010.95 7407577.06 ["celtis"] ["JL28"] 
 32 114 340 782010.95 7407577.06 ["celtis"] ["JL28"] 
 32 114 341 782010.95 7407577.06 ["celtis"] ["JL28"] 
 32 114 342 782013.92 7407563.23 ["pereskia"] ["JL146"] 
 32 114 343 782025.8 7407555.55 ["pereskia"] ["JL146"] 
 32 114 347 781975.05 7407644.1 ["pereskia"] ["JL219"] 
 32 114 348 781986.49 7407660.27 ["syagrus"] ["JL75"] 
 32 114 349 781986.49 7407660.27 ["syagrus"] ["JL75"] 
 32 114 350 781997.2 7407626.97 ["pereskia"] ["JL220"] 
 32 114 351 781997.2 7407626.97 ["pereskia"] ["JL220"] 
 32 114 352 782012.43 7407614.32 ["syagrus"] ["JL149"] 
 32 114 353 782012.43 7407614.32 ["syagrus"] ["JL149"] 
 32 114 354 782002.19 7407576.25 ["syagrus"] ["JL144"] 
 32 114 355 782002.19 7407576.25 ["syagrus"] ["JL144"] 
 32 114 356 782010.35 7407552.69 ["syagrus"] ["JL222"] 
 32 114 357 782010.35 7407552.69 ["syagrus"] ["JL222"] 
 32 114 358 781993.54 7407563.16 ["pereskia"] ["JL165"] 
 32 114 359 781974 7407559.98 ["pereskia"] ["JL165"] 
 32 114 360 781963.36 7407543.27 ["syagrus"] ["JL25"] 
 32 114 361 781963.36 7407543.27 ["syagrus"] ["JL25"] 
 32 114 362 781979.28 7407555.05 ["syagrus"] ["JL29"] 
 32 114 363 781992.17 7407570.08 ["pereskia"] ["JL147"] 
 32 114 364 781991.41 7407589.87 ["syagrus"] ["JL74"] 
 32 114 365 781979.48 7407574.07 ["celtis"] ["JL28"] 
 32 114 366 781989.71 7407557.11 ["celtis"] ["JL28"] 
 32 114 367 781989.71 7407557.11 ["celtis"] ["JL28"] 
 32 114 368 781989.71 7407557.11 ["pereskia"] ["JL166"] 
 32 114 369 781970.11 7407559.92 ["pereskia"] ["JL166"] 
 32 114 370 781970.11 7407559.92 ["pereskia"] ["JL166"] 
 32 114 371 781970.11 7407559.92 ["syagrus"] ["JL25"] 
 32 114 377 781837.49 7407566.5 ["pereskia"] ["JL194"] 
 32 114 378 781837.49 7407566.5 ["pereskia"] ["JL194"] 
 32 114 379 781837.49 7407566.5 ["pereskia"] ["JL147"] 
 32 114 380 781837.49 7407566.5 ["pereskia"] ["JL147"] 
 32 114 381 781837.49 7407566.5 ["pereskia"] ["JL147"] 
 32 114 382 781837.49 7407566.5 ["celtis"] ["JL28"] 
 32 114 383 781837.49 7407566.5 ["celtis"] ["JL28"] 
 32 114 384 781837.49 7407566.5 ["celtis"] ["JL28"] 
 32 114 385 781837.49 7407566.5 ["celtis"] ["JL28"] 
 32 114 386 781861.4 7407537.83 ["pereskia"] ["JL244"] 
 32 114 387 781861.4 7407537.83 ["pereskia"] ["JL244"] 
 32 114 388 781881.2 7407538.29 ["syagrus"] ["JL13"] 
 32 114 389 781873.05 7407556.33 ["syagrus"] ["JL250"] 
 32 114 390 781873.05 7407556.33 ["syagrus"] ["JL250"] 
 32 114 391 781854.81 7407548.62 ["syagrus"] ["JL09"] 
 32 114 392 781854.81 7407548.62 ["syagrus"] ["JL09"] 
 32 114 393 781854.81 7407548.62 ["syagrus"] ["JL38"] 
 32 114 394 781854.81 7407548.62 ["syagrus"] ["JL38"] 
 32 114 395 781873.05 7407556.33 ["syagrus"] ["JL39"] 
 32 114 396 781857.54 7407544.01 ["syagrus"] ["JL232"] 
 32 114 397 781866.64 7407526.43 ["syagrus"] ["JL91"] 
 32 114 398 781866.64 7407526.43 ["syagrus"] ["JL91"] 
 32 114 399 781855.51 7407510.05 ["syagrus"] ["JL91"] 
 32 114 400 781855.51 7407510.05 ["syagrus"] ["JL91"] 
 32 114 401 781870.3 7407523.22 ["syagrus"] ["JL250"] 
 32 114 402 781870.3 7407523.22 ["syagrus"] ["JL250"] 
 32 114 403 781870.3 7407523.22 ["syagrus"] ["JL250"] 
 32 114 404 781889.79 7407519.73 ["syagrus"] ["JL250"] 
 32 114 405 781909.55 7407518.39 ["syagrus"] ["JL09"] 
 32 114 406 781909.55 7407518.39 ["syagrus"] ["JL09"] 
 32 114 407 781946.89 7407526.32 ["syagrus"] ["JL39"] 
 32 114 408 781946.89 7407526.32 ["syagrus"] ["JL39"] 
 32 114 409 781956.63 7407509.08 ["syagrus"] ["JL49"] 
 32 114 412 781969.99 7407485.43 ["syagrus"] ["JL232"] 
 32 114 413 781969.99 7407485.43 ["syagrus"] ["JL232"] 
 32 114 414 781958.99 7407467.73 ["syagrus"] ["JL40"] 
 32 114 415 781945.36 7407471.52 ["syagrus"] ["JL14"] 
 32 114 416 781953.63 7407448.46 ["pereskia"] ["JL166"] 
 32 114 422 782166.25 7407329.61 ["pereskia"] ["JL245"] 
 32 114 423 782166.25 7407329.61 ["pereskia"] ["JL245"] 
 32 114 424 782133.95 7407431.86 ["syagrus"] ["JL71"] 
 32 114 425 782118.1 7407407.21 ["syagrus"] ["JL231"] 
 32 114 426 782118.1 7407407.21 ["syagrus"] ["JL195"] 
 32 114 427 782137.88 7407408.1 ["syagrus"] ["JL195"] 
 32 114 428 782160.09 7407429.83 ["pereskia"] ["JL170"] 
 32 114 429 782178.55 7407436.98 ["syagrus"] ["JL41"] 
 32 114 430 782178.55 7407436.98 ["pereskia"] ["JL169"] 
 32 114 431 782140.11 7407444.63 ["syagrus"] ["JL71"] 
 32 114 432 782140.11 7407444.63 ["syagrus"] ["JL71"] 
 32 114 433 782132.58 7407426.31 ["syagrus"] ["JL231"] 
 32 114 434 782144.07 7407410.18 ["syagrus"] ["JL72"] 
 32 114 435 782144.07 7407410.18 ["pereskia"] ["JL170"] 
 32 114 436 782144.07 7407410.18 ["pereskia"] ["JL170"] 
 32 114 437 782124.46 7407407.41 ["syagrus"] ["JL41"] 
 32 114 438 782124.46 7407407.41 ["syagrus"] ["JL41"] 
 32 114 439 782142.2 7407416.21 ["pereskia"] ["JL169"] 
 32 114 440 782142.2 7407416.21 ["syagrus"] ["JL71"] 
 32 114 441 782142.2 7407416.21 ["syagrus"] ["JL71"] 
 32 114 442 782125.08 7407426.17 ["syagrus"] ["JL71"] 
 32 114 443 782121.83 7407406.64 ["syagrus"] ["JL195"] 
 32 114 444 782121.83 7407406.64 ["syagrus"] ["JL195"] 
 32 114 445 782121.83 7407406.64 ["syagrus"] ["JL195"] 
 32 114 446 782114.96 7407425.21 ["syagrus"] ["JL195"] 
 32 114 447 782133.76 7407418.98 ["syagrus"] ["JL231"] 
 32 114 448 782133.76 7407418.98 ["syagrus"] ["JL231"] 
 32 114 449 782133.76 7407418.98 ["syagrus"] ["JL231"] 
 32 114 450 782146.39 7407425.33 ["syagrus"] ["JL231"] 
 32 114 454 782221.07 7407592.16 ["syagrus"] ["JL72"] 
 32 114 455 782221.07 7407592.16 ["syagrus"] ["JL72"] 
 32 114 456 782221.07 7407592.16 ["syagrus"] ["JL72"] 
 32 114 457 782221.07 7407592.16 ["syagrus"] ["JL71"] 
 32 114 458 782221.07 7407592.16 ["syagrus"] ["JL71"] 
 32 114 459 782221.07 7407592.16 ["syagrus"] ["JL41"] 
 32 114 460 782221.07 7407592.16 ["syagrus"] ["JL195"] 
 32 114 461 782329.12 7407587.01 ["pereskia"] ["JL196"] 
 32 114 462 782329.12 7407587.01 ["pereskia"] ["JL196"] 
 32 114 463 782311.03 7407595.07 ["pereskia"] ["JL176"] 
 32 114 464 782311.03 7407595.07 ["pereskia"] ["JL176"] 
 32 114 465 782289.25 7407577.98 ["syagrus"] ["JL58"] 
 32 114 466 782289.25 7407577.98 ["syagrus"] ["JL58"] 
 32 114 467 782293.57 7407558.66 ["pereskia"] ["JL174"] 
 32 114 468 782293.57 7407558.66 ["pereskia"] ["JL174"] 
 32 114 469 782293.57 7407558.66 ["pereskia"] ["JL174"] 
 32 114 470 782313.35 7407557.7 ["pereskia"] ["JL196"] 
 32 114 471 782322.81 7407575.09 ["syagrus"] ["JL177"] 
 32 114 472 782337.96 7407587.84 ["pereskia"] ["JL176"] 
 32 114 473 782337.96 7407587.84 ["pereskia"] ["JL173"] 
 32 114 474 782318.16 7407588.19 ["pereskia"] ["JL173"] 
 32 114 475 782304.22 7407574.14 ["syagrus"] ["JL172"] 
 32 114 476 782304.22 7407574.14 ["syagrus"] ["JL172"] 
 32 114 477 782304.22 7407574.14 ["syagrus"] ["JL172"] 
 32 114 479 782277.46 7407561.37 ["syagrus"] ["JL58"] 
 32 114 480 782277.41 7407575.52 ["syagrus"] ["JL58"] 
 32 114 481 782287.45 7407565.55 ["syagrus"] ["JL58"] 
 32 114 483 782293.47 7407559.58 ["pereskia"] ["JL175"] 
 32 114 484 782293.47 7407559.58 ["pereskia"] ["JL174"] 
 32 114 485 782293.47 7407559.58 ["pereskia"] ["JL174"] 
 32 114 486 782297.63 7407555.45 ["pereskia"] ["JL173"] 
 32 114 487 782283.49 7407555.4 ["pereskia"] ["JL173"] 
 32 114 493 782282.24 7407583.68 ["syagrus"] ["JL172"] 
 32 114 494 782289.83 7407565.39 ["syagrus"] ["JL58"] 
 32 114 495 782308.75 7407559.57 ["pereskia"] ["JL175"] 
 32 114 496 782308.75 7407559.57 ["pereskia"] ["JL175"] 
 32 114 497 782320.09 7407575.8 ["pereskia"] ["JL171"] 
 32 114 498 782336.13 7407587.41 ["syagrus"] ["JL177"] 
 32 114 499 782336.13 7407587.41 ["syagrus"] ["JL177"] 
 32 114 500 782317.81 7407594.91 ["pereskia"] ["JL176"] 
 32 114 501 782298.24 7407591.9 ["syagrus"] ["JL172"] 
 32 114 502 782298.24 7407591.9 ["syagrus"] ["JL172"] 
 32 114 503 782298.24 7407591.9 ["syagrus"] ["JL58"] 
 32 114 504 782296.4 7407572.19 ["syagrus"] ["JL58"] 
 32 114 505 782296.4 7407572.19 ["syagrus"] ["JL58"] 
 32 114 506 782312.02 7407560.02 ["pereskia"] ["JL174"] 
 32 114 507 782312.02 7407560.02 ["pereskia"] ["JL174"] 
 32 114 508 782312.02 7407560.02 ["pereskia"] ["JL174"] 
 32 114 509 782322.41 7407576.88 ["pereskia"] ["JL174"] 
 32 114 511 782326.86 7407584.1 ["pereskia"] ["JL196"] 
 32 114 512 782326.86 7407584.1 ["pereskia"] ["JL176"] 
 32 114 513 782340.62 7407587.37 ["pereskia"] ["JL176"] 
 32 114 514 782354.38 7407590.64 ["pereskia"] ["JL176"] 
 32 114 515 782365.95 7407628.48 ["syagrus"] ["JL172"] 
 32 114 517 782367.73 7407631.37 ["syagrus"] ["JL172"] 
 32 114 518 782367.73 7407631.37 ["syagrus"] ["JL58"] 
 32 114 519 782367.73 7407631.37 ["syagrus"] ["JL58"] 
 32 114 520 782367.73 7407631.37 ["syagrus"] ["JL58"] 
 32 114 521 782364.47 7407645.13 ["pereskia"] ["JL175"] 
 32 114 525 782216.85 7407606.32 ["pereskia"] ["JL196"] 
 32 114 526 782223.01 7407638.16 ["pereskia"] ["JL140"] 
 32 114 527 782211.41 7407654.21 ["pereskia"] ["JL176"] 
 32 114 528 782225.62 7407640.42 ["syagrus"] ["JL142"] 
 32 114 529 782225.62 7407640.42 ["syagrus"] ["JL177"] 
 32 114 530 782208.11 7407631.17 ["pereskia"] ["JL249"] 
 32 114 531 782192.04 7407597.79 ["pereskia"] ["JL196"] 
 32 114 532 782208.75 7407608.4 ["pereskia"] ["JL141"] 
 32 114 533 782205.87 7407627.99 ["pereskia"] ["JL140"] 
 32 114 534 782198.07 7407646.19 ["pereskia"] ["JL176"] 
 32 114 535 782198.07 7407646.19 ["pereskia"] ["JL176"] 
 32 114 536 782182.73 7407658.71 ["syagrus"] ["JL142"] 
 32 114 537 782198.74 7407647.06 ["syagrus"] ["JL177"] 
 32 114 538 782183.75 7407634.12 ["pereskia"] ["JL249"] 
 32 114 539 782187.57 7407614.69 ["pereskia"] ["JL196"] 
 32 114 540 782187.57 7407614.69 ["pereskia"] ["JL196"] 
 32 114 541 782206.79 7407619.46 ["pereskia"] ["JL140"] 
 32 114 542 782203.98 7407639.06 ["pereskia"] ["JL139"] 
 32 114 543 782195.59 7407656.99 ["pereskia"] ["JL176"] 
 32 114 544 782210.91 7407644.44 ["syagrus"] ["JL142"] 
 32 114 545 782199.29 7407628.41 ["syagrus"] ["JL142"] 
 32 114 546 782199.29 7407628.41 ["syagrus"] ["JL142"] 
 32 114 551 782161.91 7407622.74 ["syagrus"] ["JL177"] 
 32 114 552 782161.91 7407622.74 ["syagrus"] ["JL177"] 
 32 114 553 782161.91 7407622.74 ["pereskia"] ["JL196"] 
 32 114 554 782161.91 7407622.74 ["pereskia"] ["JL196"] 
 32 114 555 782161.91 7407622.74 ["pereskia"] ["JL196"] 
 32 114 556 782161.91 7407622.74 ["pereskia"] ["JL141"] 
 32 114 557 782161.91 7407622.74 ["pereskia"] ["JL249"] 
 32 114 558 782161.91 7407622.74 ["pereskia"] ["JL249"] 
 32 114 559 782161.91 7407622.74 ["pereskia"] ["JL249"] 
 32 114 560 782242.86 7407581.18 ["syagrus"] ["JL142"] 
 32 114 561 782242.86 7407581.18 ["syagrus"] ["JL142"] 
 32 114 562 782245.4 7407573.68 ["pereskia"] ["JL196"] 
 32 114 563 782245.4 7407573.68 ["pereskia"] ["JL196"] 
 32 114 564 782247.9 7407574.29 ["pereskia"] ["JL176"] 
 32 114 565 782265.79 7407582.78 ["syagrus"] ["JL172"] 
 32 114 566 782265.79 7407582.78 ["syagrus"] ["JL172"] 
 32 114 567 782265.79 7407582.78 ["syagrus"] ["JL172"] 
 32 114 568 782279.74 7407568.73 ["syagrus"] ["JL58"] 
 32 114 569 782279.74 7407568.73 ["syagrus"] ["JL58"] 
 32 114 570 782298.63 7407562.79 ["pereskia"] ["JL174"] 
 32 114 571 782298.63 7407562.79 ["pereskia"] ["JL174"] 
 32 114 572 782307.63 7407555.46 ["pereskia"] ["JL196"] 
 32 114 573 782307.63 7407555.46 ["pereskia"] ["JL176"] 
 32 114 574 782307.63 7407555.46 ["pereskia"] ["JL176"] 
 32 114 576 782298.69 7407533.45 ["pereskia"] ["JL176"] 
 32 114 577 782298.69 7407533.45 ["syagrus"] ["JL172"] 
 32 114 578 782298.69 7407533.45 ["syagrus"] ["JL58"] 
 32 114 579 782298.69 7407533.45 ["syagrus"] ["JL58"] 
 32 114 580 782298.69 7407533.45 ["syagrus"] ["JL58"] 
 32 114 581 782298.69 7407533.45 ["pereskia"] ["JL174"] 
 32 114 582 782298.69 7407533.45 ["pereskia"] ["JL174"] 
 32 114 583 782293.37 7407520.34 ["pereskia"] ["JL171"] 
 32 114 584 782288.04 7407507.24 ["pereskia"] ["JL171"] 
 32 114 585 782293.55 7407494.21 ["pereskia"] ["JL171"] 
 32 114 591 782294.29 7407536.9 ["syagrus"] ["JL172"] 
 32 114 592 782294.29 7407536.9 ["syagrus"] ["JL172"] 
 32 114 593 782294.75 7407556.7 ["pereskia"] ["JL174"] 
 32 114 594 782310.68 7407568.46 ["syagrus"] ["JL177"] 
 32 114 595 782293.99 7407579.12 ["pereskia"] ["JL170"] 
 32 114 596 782293.99 7407579.12 ["pereskia"] ["JL196"] 
 32 114 597 782275.23 7407572.78 ["pereskia"] ["JL196"] 
 32 114 598 782275.23 7407572.78 ["pereskia"] ["JL196"] 
 32 114 599 782264.2 7407589.23 ["syagrus"] ["JL58"] 
 32 114 600 782281.02 7407578.78 ["syagrus"] ["JL172"] 
 32 114 601 782281.02 7407578.78 ["syagrus"] ["JL172"] 
 32 114 602 782261.59 7407574.97 ["pereskia"] ["JL174"] 
 32 114 603 782261.59 7407574.97 ["pereskia"] ["JL174"] 
 32 114 604 782278.24 7407564.26 ["pereskia"] ["JL174"] 
 32 114 605 782278.24 7407564.26 ["pereskia"] ["JL176"] 
 32 114 606 782278.24 7407564.26 ["pereskia"] ["JL176"] 
 32 114 607 782296.33 7407572.31 ["syagrus"] ["JL177"] 
 32 114 609 782304.09 7407575.75 ["pereskia"] ["JL196"] 
 32 114 610 782304.09 7407575.75 ["pereskia"] ["JL196"] 
 32 114 611 782310.11 7407552.01 ["pereskia"] ["JL249"] 
 32 114 612 782323.04 7407557.76 ["pereskia"] ["JL249"] 
 32 114 614 782334.41 7407562.81 ["syagrus"] ["JL172"] 
 32 114 615 782334.41 7407562.81 ["syagrus"] ["JL172"] 
 32 114 616 782321.48 7407557.07 ["syagrus"] ["JL172"] 
 32 114 617 782327.91 7407518.02 ["pereskia"] ["JL174"] 
 32 114 618 782340.83 7407523.77 ["pereskia"] ["JL174"] 
 32 114 622 782310.62 7407550.35 ["syagrus"] ["JL172"] 
 32 114 623 782291.4 7407555.1 ["pereskia"] ["JL176"] 
 32 114 624 782309.57 7407547.23 ["pereskia"] ["JL196"] 
 32 114 625 782309.57 7407547.23 ["pereskia"] ["JL196"] 
 32 114 626 782297.78 7407563.13 ["syagrus"] ["JL177"] 
 32 114 627 782284.36 7407577.7 ["syagrus"] ["JL177"] 
 32 114 628 782284.36 7407577.7 ["syagrus"] ["JL177"] 
 32 114 629 782276.88 7407554.67 ["syagrus"] ["JL142"] 
 32 114 630 782276.88 7407554.67 ["syagrus"] ["JL142"] 
 32 114 631 782238.25 7407560.38 ["syagrus"] ["JL172"] 
 32 114 632 782238.25 7407560.38 ["pereskia"] ["JL176"] 
 32 114 633 782257.92 7407558.04 ["pereskia"] ["JL196"] 
 32 114 634 782268.97 7407574.47 ["pereskia"] ["JL196"] 
 32 114 635 782259.11 7407591.64 ["pereskia"] ["JL170"] 
 32 114 636 782259.11 7407591.64 ["pereskia"] ["JL170"] 
 32 114 637 782242.76 7407570.28 ["syagrus"] ["JL142"] 
 32 114 638 782242.76 7407570.28 ["syagrus"] ["JL142"] 
 32 114 639 782223.41 7407574.49 ["syagrus"] ["JL172"] 
 32 114 640 782220.78 7407554.86 ["pereskia"] ["JL176"] 
 32 114 641 782220.78 7407554.86 ["pereskia"] ["JL176"] 
 32 114 642 782240.58 7407554.55 ["pereskia"] ["JL196"] 
 32 114 643 782240.58 7407554.55 ["pereskia"] ["JL196"] 
 32 114 644 782255.29 7407567.81 ["syagrus"] ["JL177"] 
 32 114 648 782279.22 7407577.54 ["pereskia"] ["JL249"] 
 32 114 649 782279.22 7407577.54 ["pereskia"] ["JL170"] 
 32 114 650 782279.22 7407577.54 ["pereskia"] ["JL170"] 
 32 114 651 782279.22 7407577.54 ["syagrus"] ["JL172"] 
 32 114 652 782279.22 7407577.54 ["syagrus"] ["JL172"] 
 32 114 653 782279.22 7407577.54 ["pereskia"] ["JL176"] 
 32 114 654 782279.22 7407577.54 ["pereskia"] ["JL176"] 
 32 114 655 782279.22 7407577.54 ["syagrus"] ["JL177"] 
 32 114 656 782279.22 7407577.54 ["pereskia"] ["JL196"] 
 32 114 657 782279.22 7407577.54 ["pereskia"] ["JL196"] 
 32 114 658 782279.22 7407577.54 ["syagrus"] ["JL142"] 
 32 114 659 782279.22 7407577.54 ["syagrus"] ["JL142"] 
 32 114 660 782279.22 7407577.54 ["syagrus"] ["JL172"] 
 32 114 661 782279.22 7407577.54 ["syagrus"] ["JL172"] 
 32 114 662 782251.15 7407559.02 ["pereskia"] ["JL176"] 
 32 114 663 782251.15 7407559.02 ["pereskia"] ["JL176"] 
 32 114 664 782264.57 7407573.58 ["syagrus"] ["JL58"] 
 32 114 665 782283.45 7407567.62 ["pereskia"] ["JL196"] 
 32 114 666 782271.56 7407583.45 ["syagrus"] ["JL172"] 
 32 114 667 782271.56 7407583.45 ["syagrus"] ["JL172"] 
 32 114 668 782271.56 7407583.45 ["syagrus"] ["JL172"] 
 32 114 669 782251.81 7407584.91 ["syagrus"] ["JL177"] 
 32 114 670 782251.81 7407584.91 ["pereskia"] ["JL249"] 
 32 114 671 782251.81 7407584.91 ["pereskia"] ["JL249"] 
 32 114 672 782267.82 7407573.25 ["pereskia"] ["JL249"] 
 32 114 673 782249.32 7407566.18 ["pereskia"] ["JL176"] 
 32 114 674 782249.32 7407566.18 ["syagrus"] ["JL58"] 
 32 114 675 782249.32 7407566.18 ["syagrus"] ["JL58"] 
 32 114 676 782280.5 7407552.24 ["pereskia"] ["JL196"] 
 32 114 677 782256.04 7407532.19 ["syagrus"] ["JL142"] 
 32 114 678 782261.81 7407545.1 ["syagrus"] ["JL142"] 
 32 114 679 782256.04 7407532.19 ["syagrus"] ["JL142"] 
 32 114 680 782242.83 7407527.14 ["syagrus"] ["JL142"] 
 32 114 681 782237.78 7407540.35 ["syagrus"] ["JL142"] 
 32 114 683 782270.22 7407547.76 ["syagrus"] ["JL177"] 
 32 114 684 782270.22 7407547.76 ["syagrus"] ["JL177"] 
 32 114 685 782270.22 7407547.76 ["syagrus"] ["JL177"] 
 32 114 686 782270.22 7407547.76 ["syagrus"] ["JL177"] 
 32 114 691 782302.17 7407480.56 ["syagrus"] ["JL58"] 
 32 114 692 782305.45 7407500.09 ["syagrus"] ["JL172"] 
 32 114 693 782305.45 7407500.09 ["pereskia"] ["JL176"] 
 32 114 694 782301.55 7407519.51 ["pereskia"] ["JL176"] 
 32 114 695 782295.35 7407538.31 ["pereskia"] ["JL170"] 
 32 114 696 782295.35 7407538.31 ["pereskia"] ["JL170"] 
 32 114 697 782284.71 7407555.01 ["syagrus"] ["JL177"] 
 32 114 698 782273.03 7407539.02 ["syagrus"] ["JL177"] 
 32 114 699 782273.03 7407539.02 ["syagrus"] ["JL177"] 
 32 114 700 782253.33 7407540.99 ["syagrus"] ["JL72"] 
 32 114 701 782253.33 7407540.99 ["syagrus"] ["JL72"] 
 32 114 702 782233.69 7407543.47 ["syagrus"] ["JL58"] 
 32 114 703 782233.69 7407543.47 ["syagrus"] ["JL58"] 
 32 114 704 782253.19 7407546.85 ["syagrus"] ["JL172"] 
 32 114 705 782272.73 7407550.07 ["pereskia"] ["JL176"] 
 32 114 706 782245.25 7407587.39 ["pereskia"] ["JL249"] 
 32 114 707 782245.25 7407587.39 ["pereskia"] ["JL249"] 
 32 114 708 782226.56 7407580.85 ["syagrus"] ["JL177"] 
 32 114 709 782226.56 7407580.85 ["syagrus"] ["JL177"] 
 32 114 710 782221.53 7407600 ["syagrus"] ["JL177"] 
 32 114 711 782214.23 7407581.6 ["syagrus"] ["JL58"] 
 32 114 712 782214.23 7407581.6 ["syagrus"] ["JL172"] 
 32 114 713 782233.5 7407577.02 ["syagrus"] ["JL172"] 
 32 114 714 782268.14 7407581.42 ["syagrus"] ["JL142"] 
 32 114 715 782268.14 7407581.42 ["syagrus"] ["JL142"] 
 32 114 719 782399.07 7407756.5 ["pereskia"] ["JL141"] 
 32 114 720 782399.07 7407756.5 ["syagrus"] ["JL177"] 
 32 114 721 782399.07 7407756.5 ["syagrus"] ["JL177"] 
 32 114 722 782399.07 7407756.5 ["syagrus"] ["JL58"] 
 32 114 723 782399.07 7407756.5 ["syagrus"] ["JL172"] 
 32 114 724 782399.07 7407756.5 ["pereskia"] ["JL176"] 
 32 114 725 782399.07 7407756.5 ["pereskia"] ["JL196"] 
 32 114 726 782399.07 7407756.5 ["syagrus"] ["JL142"] 
 32 114 727 782399.07 7407756.5 ["syagrus"] ["JL142"] 
 32 114 728 782399.07 7407756.5 ["pereskia"] ["JL249"] 
 32 114 729 782322.37 7407689.51 ["pereskia"] ["JL196"] 
 32 114 730 782322.37 7407689.51 ["pereskia"] ["JL196"] 
 32 114 731 782309.48 7407674.48 ["pereskia"] ["JL176"] 
 32 114 732 782292.99 7407663.51 ["pereskia"] ["JL141"] 
 32 114 733 782292.99 7407663.51 ["pereskia"] ["JL141"] 
 32 114 734 782289.26 7407644.06 ["syagrus"] ["JL172"] 
 32 114 735 782294.93 7407625.09 ["pereskia"] ["JL140"] 
 32 114 736 782294.93 7407625.09 ["pereskia"] ["JL140"] 
 32 114 737 782294.86 7407605.29 ["pereskia"] ["JL140"] 
 32 114 738 782294.86 7407605.29 ["pereskia"] ["JL140"] 
 32 114 739 782280.53 7407618.96 ["syagrus"] ["JL177"] 
 32 114 740 782280.53 7407618.96 ["syagrus"] ["JL177"] 
 32 114 741 782280.53 7407618.96 ["syagrus"] ["JL177"] 
 32 114 742 782253.28 7407615.97 ["pereskia"] ["JL196"] 
 32 114 743 782253.28 7407615.97 ["pereskia"] ["JL196"] 
 32 114 744 782253.28 7407615.97 ["pereskia"] ["JL196"] 
 32 114 745 782233.84 7407612.21 ["pereskia"] ["JL196"] 
 32 114 747 782210.51 7407607.7 ["syagrus"] ["JL58"] 
 32 114 748 782210.51 7407607.7 ["syagrus"] ["JL172"] 
 32 114 749 782222.23 7407599.77 ["pereskia"] ["JL141"] 
 32 114 750 782214.31 7407588.06 ["pereskia"] ["JL141"] 
 32 114 751 782204.22 7407565.73 ["syagrus"] ["JL177"] 
 32 114 753 782211.25 7407560.98 ["syagrus"] ["JL142"] 
 32 114 754 782197.37 7407558.29 ["syagrus"] ["JL142"] 
 32 114 760 782311.79 7407629.62 ["syagrus"] ["JL58"] 
 32 114 761 782311.79 7407629.62 ["syagrus"] ["JL58"] 
 32 114 762 782312.7 7407609.84 ["pereskia"] ["JL176"] 
 32 114 763 782312.7 7407609.84 ["pereskia"] ["JL176"] 
 32 114 764 782296.57 7407621.33 ["pereskia"] ["JL176"] 
 32 114 765 782296.57 7407621.33 ["syagrus"] ["JL172"] 
 32 114 766 782287.01 7407603.99 ["pereskia"] ["JL196"] 
 32 114 767 782289.99 7407584.41 ["pereskia"] ["JL196"] 
 32 114 768 782289.99 7407584.41 ["pereskia"] ["JL141"] 
 32 114 769 782274.8 7407597.11 ["pereskia"] ["JL141"] 
 32 114 770 782262.71 7407612.79 ["syagrus"] ["JL177"] 
 32 114 771 782262.71 7407612.79 ["syagrus"] ["JL58"] 
 32 114 772 782254.07 7407623.99 ["pereskia"] ["JL140"] 
 32 114 773 782245.43 7407635.19 ["pereskia"] ["JL140"] 
 32 114 775 782248.84 7407661.57 ["pereskia"] ["JL176"] 
 32 114 776 782248.84 7407661.57 ["syagrus"] ["JL172"] 
 32 114 777 782248.84 7407661.57 ["syagrus"] ["JL172"] 
 32 114 778 782234.81 7407663.38 ["pereskia"] ["JL196"] 
 32 114 779 782226.18 7407674.58 ["pereskia"] ["JL141"] 
 32 114 780 782212.15 7407676.39 ["pereskia"] ["JL141"] 
 32 114 781 782203.51 7407687.59 ["pereskia"] ["JL141"] 
 32 114 782 782205.33 7407701.62 ["pereskia"] ["JL141"] 
 32 114 787 781908.13 7407619.53 ["syagrus"] ["JL67"] 
 32 114 788 781908.13 7407619.53 ["syagrus"] ["JL67"] 
 32 114 789 781889.98 7407627.45 ["syagrus"] ["JL145"] 
 32 114 790 781900.77 7407644.06 ["syagrus"] ["JL149"] 
 32 114 791 781900.77 7407644.06 ["syagrus"] ["JL149"] 
 32 114 792 781900.77 7407644.06 ["syagrus"] ["JL149"] 
 32 114 793 781911.56 7407660.66 ["pereskia"] ["JL220"] 
 32 114 794 781911.56 7407660.66 ["syagrus"] ["JL104"] 
 32 114 795 781930.11 7407667.57 ["syagrus"] ["JL75"] 
 32 114 796 781911.56 7407660.66 ["syagrus"] ["JL75"] 
 32 114 797 781928.88 7407670.25 ["pereskia"] ["JL138"] 
 32 114 798 781944.23 7407682.76 ["syagrus"] ["JL239"] 
 32 114 799 781961.24 7407692.89 ["syagrus"] ["JL239"] 
 32 114 800 781961.24 7407692.89 ["syagrus"] ["JL239"] 
 32 114 801 781961.24 7407692.89 ["syagrus"] ["JL239"] 
 32 114 802 781979.7 7407700.07 ["syagrus"] ["JL239"] 
 32 114 803 781993.14 7407714.62 ["pereskia"] ["JL105"] 
 32 114 804 781993.14 7407714.62 ["pereskia"] ["JL105"] 
 32 114 805 781988.09 7407733.76 ["pereskia"] ["JL105"] 
 32 114 806 782004.64 7407722.89 ["pereskia"] ["JL191"] 
 32 114 809 782022.33 7407728.19 ["pereskia"] ["JL190"] 
 32 114 810 782004.43 7407744.91 ["pereskia"] ["JL189"] 
 32 114 812 781985.51 7407757.33 ["pereskia"] ["JL200"] 
 32 114 813 781985.51 7407757.33 ["pereskia"] ["JL200"] 
 32 114 814 781985.51 7407757.33 ["pereskia"] ["JL200"] 
 32 114 815 781985.51 7407757.33 ["pereskia"] ["JL200"] 
 32 114 816 781985.51 7407757.33 ["pereskia"] ["JL143"] 
 32 114 819 782187.09 7407747.97 ["pereskia"] ["JL143"] 
 32 114 820 782101.49 7407746.47 ["pereskia"] ["JL141"] 
 32 114 821 782097.9 7407727 ["pereskia"] ["JL92"] 
 32 114 822 782097.9 7407727 ["pereskia"] ["JL92"] 
 32 114 823 782078.97 7407732.82 ["pereskia"] ["JL201"] 
 32 114 824 782076.35 7407752.44 ["pereskia"] ["JL164"] 
 32 114 825 782076.35 7407752.44 ["pereskia"] ["JL164"] 
 32 114 826 782061.11 7407765.09 ["pereskia"] ["JL140"] 
 32 114 827 782057.21 7407784.5 ["pereskia"] ["JL140"] 
 32 114 828 782057.21 7407784.5 ["pereskia"] ["JL139"] 
 32 114 829 782057.21 7407784.5 ["pereskia"] ["JL139"] 
 32 114 830 782057.21 7407784.5 ["pereskia"] ["JL139"] 
 32 114 833 782054.86 7407796.15 ["pereskia"] ["JL92"] 
 32 114 834 782054.86 7407796.15 ["pereskia"] ["JL92"] 
 32 114 835 782054.86 7407796.15 ["pereskia"] ["JL92"] 
 32 114 836 782054.86 7407796.15 ["pereskia"] ["JL92"] 
 32 114 837 782054.86 7407796.15 ["syagrus"] ["JL237"] 
 32 114 838 782054.86 7407796.15 ["pereskia"] ["JL201"] 
 32 114 839 782035.95 7407767.72 ["pereskia"] ["JL188"] 
 32 114 840 782047.73 7407759.89 ["pereskia"] ["JL188"] 
 32 114 841 782033.86 7407757.1 ["pereskia"] ["JL188"] 
 32 114 842 782022.09 7407764.93 ["pereskia"] ["JL188"] 
 32 114 848 781916.09 7407656.86 ["pereskia"] ["JL200"] 
 32 114 849 781916.09 7407656.86 ["pereskia"] ["JL190"] 
 32 114 850 781905.75 7407673.74 ["pereskia"] ["JL191"] 
 32 114 851 781916.09 7407656.86 ["pereskia"] ["JL191"] 
 32 114 852 781916.09 7407656.86 ["pereskia"] ["JL178"] 
 32 114 853 781916.09 7407656.86 ["pereskia"] ["JL178"] 
 32 114 854 781919.97 7407637.44 ["pereskia"] ["JL32"] 
 32 114 855 781919.97 7407637.44 ["pereskia"] ["JL32"] 
 32 114 856 781941.97 7407605.3 ["ficus"] ["JL01"] 
 32 114 857 781941.97 7407605.3 ["ficus"] ["JL01"] 
 32 114 858 781934.79 7407586.84 ["syagrus"] ["JL239"] 
 32 114 859 781934.79 7407586.84 ["syagrus"] ["JL239"] 
 32 114 860 781915.67 7407591.99 ["syagrus"] ["JL239"] 
 32 114 861 781915.67 7407591.99 ["pereskia"] ["JL105"] 
 32 114 862 781902.9 7407607.12 ["pereskia"] ["JL105"] 
 32 114 863 781902.9 7407607.12 ["pereskia"] ["JL105"] 
 32 114 864 781880.2 7407574.68 ["syagrus"] ["JL75"] 
 32 114 865 781880.2 7407574.68 ["syagrus"] ["JL75"] 
 32 114 866 781866.92 7407559.99 ["pereskia"] ["JL220"] 
 32 114 867 781853.63 7407545.31 ["syagrus"] ["JL103"] 
 32 114 868 781867.89 7407531.56 ["pereskia"] ["JL219"] 
 32 114 869 781867.89 7407531.56 ["pereskia"] ["JL219"] 
 32 114 870 781918.77 7407549.48 ["syagrus"] ["JL38"] 
 32 114 871 781931.53 7407543.37 ["syagrus"] ["JL38"] 
 32 114 872 781957.09 7407573.58 ["syagrus"] ["JL09"] 
 32 114 874 781967.36 7407595.01 ["syagrus"] ["JL250"] 
 32 114 880 781808.95 7407532.74 ["syagrus"] ["JL39"] 
 32 114 881 781808.95 7407532.74 ["syagrus"] ["JL39"] 
 32 114 882 781808.95 7407532.74 ["syagrus"] ["JL232"] 
 32 114 883 781808.95 7407532.74 ["syagrus"] ["JL232"] 
 32 114 884 781861.28 7407560.67 ["syagrus"] ["JL13"] 
 32 114 885 781880.59 7407565.07 ["pereskia"] ["JL244"] 
 32 114 886 781880.59 7407565.07 ["pereskia"] ["JL244"] 
 32 114 887 781885.49 7407545.89 ["syagrus"] ["JL09"] 
 32 114 888 781885.49 7407545.89 ["syagrus"] ["JL09"] 
 32 114 889 781865.88 7407548.7 ["syagrus"] ["JL38"] 
 32 114 890 781846.61 7407544.18 ["syagrus"] ["JL39"] 
 32 114 891 781846.61 7407544.18 ["syagrus"] ["JL39"] 
 32 114 892 781850.52 7407548.54 ["syagrus"] ["JL250"] 
 32 114 893 781869.99 7407552.12 ["syagrus"] ["JL91"] 
 32 114 894 781869.99 7407552.12 ["syagrus"] ["JL91"] 
 32 114 895 781869.99 7407552.12 ["syagrus"] ["JL91"] 
 32 114 896 781858.03 7407536.34 ["syagrus"] ["JL232"] 
 32 114 897 781858.03 7407536.34 ["syagrus"] ["JL232"] 
 32 114 898 781866.31 7407554.33 ["syagrus"] ["JL09"] 
 32 114 899 781848.75 7407545.18 ["syagrus"] ["JL38"] 
 32 114 900 781848.75 7407545.18 ["pereskia"] ["JL244"] 
 32 114 901 781832.88 7407557.02 ["syagrus"] ["JL250"] 
 32 114 903 781830.16 7407559.04 ["syagrus"] ["JL39"] 
 32 114 904 781830.16 7407559.04 ["syagrus"] ["JL39"] 
 32 114 905 781830.16 7407559.04 ["syagrus"] ["JL39"] 
 32 114 906 781816.16 7407557.01 ["syagrus"] ["JL91"] 
 32 114 907 781830.16 7407559.04 ["syagrus"] ["JL91"] 
 32 114 909 781855.03 7407568.73 ["syagrus"] ["JL09"] 
 32 114 910 781855.03 7407568.73 ["syagrus"] ["JL09"] 
 32 114 911 781855.03 7407568.73 ["syagrus"] ["JL09"] 
 32 114 912 781855.03 7407568.73 ["syagrus"] ["JL09"] 
 32 114 913 781855.03 7407568.73 ["syagrus"] ["JL13"] 
 32 114 914 781855.03 7407568.73 ["syagrus"] ["JL13"] 
 32 114 915 781855.03 7407568.73 ["syagrus"] ["JL13"] 
 32 114 920 781876.09 7407561.42 ["syagrus"] ["JL49"] 
 32 114 921 781898.64 7407529.46 ["syagrus"] ["JL39"] 
 32 114 922 781898.64 7407529.46 ["syagrus"] ["JL39"] 
 32 114 923 781898.64 7407529.46 ["syagrus"] ["JL39"] 
 32 114 924 781910.39 7407513.52 ["syagrus"] ["JL250"] 
 32 114 925 781928.58 7407521.32 ["syagrus"] ["JL250"] 
 32 114 926 781947.27 7407527.87 ["syagrus"] ["JL09"] 
 32 114 927 781947.27 7407527.87 ["syagrus"] ["JL91"] 
 32 114 928 781947.27 7407527.87 ["syagrus"] ["JL91"] 
 32 114 929 781965.78 7407492.86 ["syagrus"] ["JL40"] 
 32 114 930 781965.78 7407492.86 ["syagrus"] ["JL40"] 
 32 114 931 781956.52 7407510.37 ["syagrus"] ["JL40"] 
 32 114 932 781937 7407513.69 ["syagrus"] ["JL23"] 
 32 114 933 781917.29 7407515.56 ["syagrus"] ["JL14"] 
 32 114 934 781917.29 7407515.56 ["pereskia"] ["JL166"] 
 32 114 935 781933.22 7407527.33 ["pereskia"] ["JL166"] 
 32 114 936 781933.22 7407527.33 ["pereskia"] ["JL166"] 
 32 114 937 781933.22 7407527.33 ["pereskia"] ["JL246"] 
 32 114 938 781952.79 7407530.32 ["pereskia"] ["JL246"] 
 32 114 939 781973.48 7407564.07 ["syagrus"] ["JL40"] 
 32 114 940 781973.48 7407564.07 ["syagrus"] ["JL40"] 
 32 114 942 781977.7 7407571.43 ["syagrus"] ["JL23"] 
 32 114 944 781981.92 7407578.79 ["syagrus"] ["JL23"] 
 32 114 946 781997.26 7407585.44 ["syagrus"] ["JL14"] 
 32 114 947 781993.56 7407599.09 ["syagrus"] ["JL14"] 
 32 114 948 781981.28 7407606.12 ["syagrus"] ["JL14"] 
 32 114 949 781970.92 7407567.93 ["pereskia"] ["JL166"] 
 32 114 950 781963.89 7407555.66 ["pereskia"] ["JL166"] 
 32 114 955 782049.49 7407674.66 ["celtis"] ["JL28"] 
 32 114 956 782049.49 7407674.66 ["syagrus"] ["JL74"] 
 32 114 957 782049.49 7407674.66 ["syagrus"] ["JL74"] 
 32 114 958 781933.17 7407615.42 ["syagrus"] ["JL222"] 
 32 114 959 781933.17 7407615.42 ["syagrus"] ["JL222"] 
 32 114 960 781933.17 7407615.42 ["syagrus"] ["JL67"] 
 32 114 961 781933.17 7407615.42 ["syagrus"] ["JL67"] 
 32 114 962 781917.4 7407597.96 ["syagrus"] ["JL145"] 
 32 114 963 781917.4 7407597.96 ["syagrus"] ["JL145"] 
 32 114 964 781917.4 7407597.96 ["syagrus"] ["JL149"] 
 32 114 965 781948.15 7407573.62 ["pereskia"] ["JL220"] 
 32 114 966 781948.15 7407573.62 ["syagrus"] ["JL104"] 
 32 114 967 781967.94 7407572.95 ["syagrus"] ["JL104"] 
 32 114 968 781967.94 7407572.95 ["syagrus"] ["JL104"] 
 32 114 969 781982.72 7407586.13 ["syagrus"] ["JL104"] 
 32 114 970 781982.72 7407586.13 ["syagrus"] ["JL75"] 
 32 114 971 782000.41 7407577.23 ["syagrus"] ["JL75"] 
 32 114 972 782000.41 7407577.23 ["pereskia"] ["JL219"] 
 32 114 973 782000.41 7407577.23 ["pereskia"] ["JL219"] 
 32 114 974 782000.41 7407577.23 ["pereskia"] ["JL219"] 
 32 114 976 782007.42 7407534.23 ["celtis"] ["JL28"] 
 32 114 977 782007.42 7407534.23 ["celtis"] ["JL28"] 
 32 114 980 782008.86 7407577.58 ["pereskia"] ["JL165"] 
 32 114 981 782008.86 7407577.58 ["pereskia"] ["JL165"] 
 32 114 982 782005.44 7407572.82 ["pereskia"] ["JL194"] 
 32 114 984 782007.42 7407575.58 ["pereskia"] ["JL194"] 
 32 114 985 782007.42 7407575.58 ["pereskia"] ["JL194"] 
 32 114 986 782007.42 7407575.58 ["pereskia"] ["JL194"] 
 32 114 987 782007.42 7407575.58 ["syagrus"] ["JL25"] 
 32 114 991 781926.61 7407615.73 ["syagrus"] ["JL67"] 
 32 114 992 781907.35 7407620.32 ["syagrus"] ["JL144"] 
 32 114 993 781907.35 7407620.32 ["syagrus"] ["JL144"] 
 32 114 994 781900.27 7407644.29 ["syagrus"] ["JL145"] 
 32 114 995 781900.27 7407644.29 ["syagrus"] ["JL145"] 
 32 114 996 781911.47 7407660.62 ["syagrus"] ["JL149"] 
 32 114 997 781911.47 7407660.62 ["pereskia"] ["JL220"] 
 32 114 998 781930.02 7407667.54 ["pereskia"] ["JL220"] 
 32 114 999 781930.02 7407667.54 ["syagrus"] ["JL104"] 
 32 114 1000 781911.47 7407660.62 ["syagrus"] ["JL75"] 
 32 114 1001 781911.47 7407660.62 ["syagrus"] ["JL75"] 
 32 114 1002 781928.79 7407670.21 ["pereskia"] ["JL105"] 
 32 114 1003 781944.15 7407682.71 ["pereskia"] ["JL105"] 
 32 114 1004 781944.15 7407682.71 ["syagrus"] ["JL239"] 
 32 114 1006 781946.78 7407684.85 ["syagrus"] ["JL239"] 
 32 114 1008 781949.42 7407686.99 ["pereskia"] ["JL32"] 
 32 114 1009 781949.42 7407686.99 ["pereskia"] ["JL32"] 
 32 114 1010 781949.42 7407686.99 ["pereskia"] ["JL32"] 
 32 114 1011 781943.37 7407726.1 ["ficus"] ["JL01"] 
 32 114 1013 781945.8 7407749.74 ["pereskia"] ["JL178"] 
 32 114 1014 781959.87 7407748.3 ["pereskia"] ["JL178"] 
 32 114 1015 781948.9 7407739.37 ["pereskia"] ["JL178"] 
 32 114 1017 781975.64 7407726.57 ["pereskia"] ["JL191"] 
 32 114 1018 781975.64 7407726.57 ["pereskia"] ["JL191"] 
 32 114 1023 781931.66 7407898.56 ["pereskia"] ["JL90"] 
 32 114 1024 781914.08 7407907.68 ["celtis"] ["JL230"] 
 32 114 1025 781880.72 7407887.06 ["celtis"] ["JL202"] 
 32 114 1026 781880.72 7407887.06 ["celtis"] ["JL202"] 
 32 114 1027 781880.72 7407887.06 ["celtis"] ["JL52"] 
 32 114 1028 781881.54 7407906.84 ["celtis"] ["JL61"] 
 32 114 1029 781885.63 7407887.47 ["celtis"] ["JL42"] 
 32 114 1030 781885.63 7407887.47 ["celtis"] ["JL42"] 
 32 114 1031 781855.26 7407911.8 ["celtis"] ["JL02"] 
 32 114 1032 781868.38 7407926.63 ["celtis"] ["JL04"] 
 32 114 1033 781865.84 7407906.99 ["celtis"] ["JL97"] 
 32 114 1034 781865.84 7407906.99 ["celtis"] ["JL97"] 
 32 114 1035 781865.84 7407906.99 ["celtis"] ["JL97"] 
 32 114 1036 781885.54 7407905.02 ["celtis"] ["JL62"] 
 32 114 1037 781885.54 7407905.02 ["celtis"] ["JL62"] 
 32 114 1038 781874.14 7407888.83 ["celtis"] ["JL56"] 
 32 114 1039 781861.53 7407904.09 ["celtis"] ["JL83"] 
 32 114 1040 781875.73 7407890.29 ["celtis"] ["JL08"] 
 32 114 1041 781887.51 7407906.21 ["celtis"] ["JL06"] 
 32 114 1042 781887.51 7407906.21 ["celtis"] ["JL06"] 
 32 114 1043 781894.24 7407887.58 ["celtis"] ["JL161"] 
 32 114 1044 781894.24 7407887.58 ["celtis"] ["JL161"] 
 32 114 1045 781898.74 7407906.86 ["celtis"] ["JL62"] 
 32 114 1046 781918.33 7407909.78 ["celtis"] ["JL62"] 
 32 114 1047 781918.33 7407909.78 ["celtis"] ["JL62"] 
 32 114 1048 781921.35 7407890.21 ["celtis"] ["JL30"] 
 32 114 1050 781673.62 7408067.62 ["celtis"] ["JL55"] 
 32 114 1051 781673.62 7408067.62 ["celtis"] ["JL56"] 
 32 114 1052 781673.62 7408067.62 ["celtis"] ["JL97"] 
 32 114 1053 781673.62 7408067.62 ["celtis"] ["JL97"] 
 32 114 1054 781673.62 7408067.62 ["celtis"] ["JL04"] 
 32 114 1055 781673.62 7408067.62 ["celtis"] ["JL02"] 
 32 114 1056 781673.62 7408067.62 ["celtis"] ["JL42"] 
 32 114 1057 781673.62 7408067.62 ["celtis"] ["JL42"] 
 32 114 1058 781673.62 7408067.62 ["celtis"] ["JL53"] 
 32 114 1059 781673.62 7408067.62 ["celtis"] ["JL53"] 
 32 114 1060 781673.62 7408067.62 ["celtis"] ["JL160"] 
 32 114 1061 781673.62 7408067.62 ["celtis"] ["JL55"] 
 32 114 1062 781673.62 7408067.62 ["celtis"] ["JL30"] 
 32 114 1063 781673.62 7408067.62 ["pereskia"] ["JL162"] 
 32 114 1064 781673.62 7408067.62 ["pereskia"] ["JL162"] 
 32 114 1065 781673.62 7408067.62 ["pereskia"] ["JL128"] 
 32 114 1066 781673.62 7408067.62 ["pereskia"] ["JL128"] 
 32 114 1067 781673.62 7408067.62 ["pereskia"] ["JL127"] 
 32 114 1068 781701.36 7408022.36 ["pereskia"] ["JL208"] 
 32 114 1069 781681.65 7408020.51 ["pereskia"] ["JL208"] 
 32 114 1070 781681.65 7408020.51 ["pereskia"] ["JL208"] 
 32 114 1071 781681.65 7408020.51 ["pereskia"] ["JL115"] 
 32 114 1072 781661.89 7408019.14 ["syagrus"] ["JL11"] 
 32 114 1073 781652.17 7408001.89 ["pereskia"] ["JL114"] 
 32 114 1074 781652.17 7408001.89 ["pereskia"] ["JL114"] 
 32 114 1075 781652.17 7408001.89 ["pereskia"] ["JL100"] 
 32 114 1078 781628.84 7407960.49 ["pereskia"] ["JL99"] 
 32 114 1079 781656.08 7407968.09 ["pereskia"] ["JL101"] 
 32 114 1080 781649.14 7407955.77 ["pereskia"] ["JL101"] 
 32 114 1081 781642.2 7407943.45 ["pereskia"] ["JL101"] 
 32 114 1082 781646 7407929.82 ["pereskia"] ["JL180"] 
 32 114 1083 781669.07 7407921.58 ["pereskia"] ["JL102"] 
 32 114 1084 781676.01 7407933.9 ["pereskia"] ["JL102"] 
 32 114 1085 781663.69 7407940.85 ["pereskia"] ["JL102"] 
 32 114 1086 781659.89 7407954.47 ["pereskia"] ["JL102"] 
 32 114 1088 781657.61 7407962.64 ["pereskia"] ["JL102"] 
 32 114 1093 781616.26 7408021.76 ["syagrus"] ["JL235"] 
 32 114 1094 781635.79 7408018.49 ["pereskia"] ["JL111"] 
 32 114 1095 781640 7407999.14 ["pereskia"] ["JL102"] 
 32 114 1096 781640 7407999.14 ["pereskia"] ["JL102"] 
 32 114 1097 781638.59 7407979.39 ["pereskia"] ["JL180"] 
 32 114 1098 781643.97 7407998.45 ["pereskia"] ["JL227"] 
 32 114 1099 781645.48 7408018.19 ["pereskia"] ["JL78"] 
 32 114 1100 781645.48 7408018.19 ["pereskia"] ["JL99"] 
 32 114 1101 781645.48 7408018.19 ["pereskia"] ["JL99"] 
 32 114 1102 781626.26 7408022.93 ["pereskia"] ["JL111"] 
 32 114 1103 781626.26 7408022.93 ["pereskia"] ["JL111"] 
 32 114 1104 781626.26 7408022.93 ["pereskia"] ["JL111"] 
 32 114 1106 781618.02 7408024.96 ["pereskia"] ["JL102"] 
 32 114 1107 781584.86 7408033.13 ["pereskia"] ["JL101"] 
 32 114 1108 781598.6 7408029.74 ["pereskia"] ["JL101"] 
 32 114 1110 781617.96 7408041.45 ["pereskia"] ["JL180"] 
 32 114 1111 781617.96 7408041.45 ["pereskia"] ["JL180"] 
 32 114 1112 781617.96 7408041.45 ["pereskia"] ["JL180"] 
 32 114 1113 781617.96 7408041.45 ["pereskia"] ["JL180"] 
 32 114 1114 781621.34 7408055.19 ["pereskia"] ["JL227"] 
 32 114 1116 781628.6 7408059.58 ["pereskia"] ["JL227"] 
 32 114 1117 781628.6 7408059.58 ["pereskia"] ["JL227"] 
 32 114 1121 781769.5 7408017.02 ["pereskia"] ["JL241"] 
 32 114 1122 781769.5 7408017.02 ["pereskia"] ["JL241"] 
 32 114 1123 781766.86 7407997.4 ["pereskia"] ["JL209"] 
 32 114 1124 781773.21 7407978.64 ["pereskia"] ["JL120"] 
 32 114 1125 781773.21 7407978.64 ["pereskia"] ["JL120"] 
 32 114 1126 781745.89 7407979.06 ["pereskia"] ["JL119"] 
 32 114 1127 781731.02 7407946.91 ["pereskia"] ["JL214"] 
 32 114 1128 781731.02 7407946.91 ["pereskia"] ["JL214"] 
 32 114 1129 781725.43 7407927.91 ["pereskia"] ["JL214"] 
 32 114 1130 781725.43 7407927.91 ["celtis"] ["JL31"] 
 32 114 1131 781724.74 7407908.12 ["pereskia"] ["JL213"] 
 32 114 1132 781709.74 7407895.2 ["syagrus"] ["JL85"] 
 32 114 1133 781727.72 7407886.91 ["pereskia"] ["JL112"] 
 32 114 1134 781745.78 7407878.79 ["pereskia"] ["JL113"] 
 32 114 1135 781749.35 7407898.27 ["celtis"] ["JL43"] 
 32 114 1136 781741.24 7407916.34 ["celtis"] ["JL43"] 
 32 114 1137 781741.24 7407916.34 ["celtis"] ["JL43"] 
 32 114 1138 781723.91 7407925.92 ["celtis"] ["JL17"] 
 32 114 1139 781723.91 7407925.92 ["celtis"] ["JL17"] 
 32 114 1140 781709.59 7407896.49 ["celtis"] ["JL98"] 
 32 114 1141 781709.59 7407896.49 ["celtis"] ["JL98"] 
 32 114 1142 781726.93 7407886.93 ["celtis"] ["JL133"] 
 32 114 1143 781745.33 7407879.6 ["pereskia"] ["JL03"] 
 32 114 1144 781749.54 7407898.95 ["celtis"] ["JL18"] 
 32 114 1145 781732.14 7407889.49 ["celtis"] ["JL18"] 
 32 114 1149 781823.62 7408122.25 ["celtis"] ["JL43"] 
 32 114 1150 781823.62 7408122.25 ["celtis"] ["JL43"] 
 32 114 1151 781823.62 7408122.25 ["syagrus"] ["JL16"] 
 32 114 1152 781823.62 7408122.25 ["celtis"] ["JL98"] 
 32 114 1153 781823.62 7408122.25 ["celtis"] ["JL98"] 
 32 114 1154 781823.62 7408122.25 ["celtis"] ["JL134"] 
 32 114 1155 781823.62 7408122.25 ["celtis"] ["JL134"] 
 32 114 1156 781823.62 7408122.25 ["celtis"] ["JL134"] 
 32 114 1157 781823.62 7408122.25 ["celtis"] ["JL18"] 
 32 114 1158 781823.62 7408122.25 ["celtis"] ["JL17"] 
 32 114 1159 781823.62 7408122.25 ["celtis"] ["JL17"] 
 32 114 1160 781823.62 7408122.25 ["celtis"] ["JL43"] 
 32 114 1161 781823.62 7408122.25 ["celtis"] ["JL238"] 
 32 114 1162 781823.62 7408122.25 ["celtis"] ["JL238"] 
 32 114 1163 781823.62 7408122.25 ["celtis"] ["JL238"] 
 32 114 1164 781823.62 7408122.25 ["pereskia"] ["JL113"] 
 32 114 1165 781823.62 7408122.25 ["pereskia"] ["JL113"] 
 32 114 1166 781823.62 7408122.25 ["pereskia"] ["JL112"] 
 32 114 1167 781878.51 7408154.28 ["syagrus"] ["JL34"] 
 32 114 1168 781878.51 7408154.28 ["syagrus"] ["JL34"] 
 32 114 1169 781878.51 7408154.28 ["syagrus"] ["JL34"] 
 32 114 1170 781887.81 7408136.8 ["pereskia"] ["JL187"] 
 32 114 1171 781887.81 7408136.8 ["pereskia"] ["JL187"] 
 32 114 1172 781868.86 7408131.03 ["pereskia"] ["JL187"] 
 32 114 1173 781876.53 7408149.29 ["syagrus"] ["JL88"] 
 32 114 1174 781876.53 7408149.29 ["syagrus"] ["JL88"] 
 32 114 1175 781876.53 7408149.29 ["pereskia"] ["JL87"] 
 32 114 1176 781897.26 7408151.42 ["pereskia"] ["JL155"] 
 32 114 1177 781884.22 7408156.9 ["pereskia"] ["JL155"] 
 32 114 1178 781878.88 7408170 ["pereskia"] ["JL155"] 
 32 114 1179 781873.53 7408183.09 ["pereskia"] ["JL155"] 
 32 114 1180 781886.75 7408214.57 ["pereskia"] ["JL129"] 
 32 114 1182 781908.75 7408223.56 ["pereskia"] ["JL129"] 
 32 114 1183 781908.75 7408223.56 ["syagrus"] ["JL34"] 
 32 114 1184 781897.8 7408197.48 ["pereskia"] ["JL187"] 
 32 114 1185 781903.14 7408184.38 ["pereskia"] ["JL187"] 
 32 114 1186 781908.62 7408197.42 ["pereskia"] ["JL187"] 
 32 114 1193 781999.87 7407897.28 ["pereskia"] ["JL156"] 
 32 114 1194 781980.35 7407893.95 ["celtis"] ["JL22"] 
 32 114 1195 781960.85 7407890.52 ["syagrus"] ["JL66"] 
 32 114 1196 781960.85 7407890.52 ["syagrus"] ["JL66"] 
 32 114 1197 781960.85 7407890.52 ["syagrus"] ["JL66"] 
 32 114 1198 781942.29 7407897.43 ["celtis"] ["JL230"] 
 32 114 1199 781942.29 7407897.43 ["celtis"] ["JL230"] 
 32 114 1200 781931.87 7407914.26 ["celtis"] ["JL12"] 
 32 114 1201 781931.87 7407914.26 ["celtis"] ["JL12"] 
 32 114 1202 781912.76 7407909.06 ["celtis"] ["JL52"] 
 32 114 1203 781912.76 7407909.06 ["celtis"] ["JL61"] 
 32 114 1204 781895.54 7407899.29 ["celtis"] ["JL61"] 
 32 114 1205 781895.54 7407899.29 ["celtis"] ["JL61"] 
 32 114 1206 781880.22 7407886.75 ["celtis"] ["JL42"] 
 32 114 1207 781881.84 7407906.49 ["celtis"] ["JL42"] 
 32 114 1208 781881.84 7407906.49 ["celtis"] ["JL53"] 
 32 114 1209 781881.84 7407906.49 ["celtis"] ["JL53"] 
 32 114 1210 781881.84 7407906.49 ["celtis"] ["JL53"] 
 32 114 1211 781885.28 7407886.99 ["celtis"] ["JL53"] 
 32 114 1212 781885.28 7407886.99 ["celtis"] ["JL02"] 
 32 114 1213 781885.28 7407886.99 ["celtis"] ["JL02"] 
 32 114 1214 781885.28 7407886.99 ["celtis"] ["JL02"] 
 32 114 1215 781868.06 7407896.76 ["celtis"] ["JL02"] 
 32 114 1216 781855.3 7407911.9 ["celtis"] ["JL97"] 
 32 114 1217 781868.46 7407926.69 ["celtis"] ["JL62"] 
 32 114 1218 781868.46 7407926.69 ["celtis"] ["JL62"] 
 32 114 1219 781868.46 7407926.69 ["celtis"] ["JL62"] 
 32 114 1220 781868.46 7407926.69 ["celtis"] ["JL62"] 
 32 114 1221 781865.75 7407907.08 ["celtis"] ["JL56"] 
 32 114 1222 781885.43 7407904.92 ["celtis"] ["JL56"] 
 32 114 1223 781885.43 7407904.92 ["celtis"] ["JL56"] 
 32 114 1224 781885.43 7407904.92 ["celtis"] ["JL56"] 
 32 114 1225 781863.37 7407887.22 ["celtis"] ["JL30"] 
 32 114 1231 781855.79 7407640.5 ["celtis"] ["JL83"] 
 32 114 1232 781855.79 7407640.5 ["celtis"] ["JL83"] 
 32 114 1233 781855.79 7407640.5 ["celtis"] ["JL83"] 
 32 114 1234 781855.79 7407640.5 ["celtis"] ["JL08"] 
 32 114 1235 781855.79 7407640.5 ["celtis"] ["JL08"] 
 32 114 1236 781855.79 7407640.5 ["celtis"] ["JL06"] 
 32 114 1237 781855.79 7407640.5 ["celtis"] ["JL161"] 
 32 114 1238 781855.79 7407640.5 ["celtis"] ["JL161"] 
 32 114 1239 781795.66 7407665.82 ["pereskia"] ["JL137"] 
 32 114 1240 781795.66 7407665.82 ["pereskia"] ["JL182"] 
 32 114 1241 781815.38 7407667.63 ["pereskia"] ["JL182"] 
 32 114 1242 781815.38 7407667.63 ["pereskia"] ["JL223"] 
 32 114 1243 781824.92 7407650.27 ["syagrus"] ["JL94"] 
 32 114 1244 781824.92 7407650.27 ["syagrus"] ["JL94"] 
 32 114 1245 781807.13 7407658.96 ["syagrus"] ["JL136"] 
 32 114 1246 781807.13 7407658.96 ["syagrus"] ["JL136"] 
 32 114 1247 781797.02 7407641.93 ["pereskia"] ["JL224"] 
 32 114 1248 781797.02 7407641.93 ["pereskia"] ["JL224"] 
 32 114 1250 781792.69 7407634.63 ["pereskia"] ["JL224"] 
 32 114 1251 781806.39 7407638.13 ["pereskia"] ["JL224"] 
 32 114 1252 781808.35 7407613.71 ["pereskia"] ["JL183"] 
 32 114 1253 781794.65 7407610.21 ["pereskia"] ["JL183"] 
 32 114 1254 781822.79 7407638.03 ["pereskia"] ["JL182"] 
 32 114 1255 781830 7407650.2 ["pereskia"] ["JL182"] 
 32 114 1256 781822.79 7407638.03 ["pereskia"] ["JL182"] 
 32 114 1257 781817.62 7407617.84 ["pereskia"] ["JL223"] 
 32 114 1259 781794.66 7407643.1 ["syagrus"] ["JL94"] 
 32 114 1260 781794.66 7407643.1 ["syagrus"] ["JL94"] 
 32 114 1265 781724.46 7407722.35 ["syagrus"] ["JL44"] 
 32 114 1266 781735.42 7407738.85 ["pereskia"] ["JL218"] 
 32 114 1267 781735.42 7407738.85 ["pereskia"] ["JL218"] 
 32 114 1268 781755.22 7407738.31 ["pereskia"] ["JL218"] 
 32 114 1269 781758.41 7407718.77 ["syagrus"] ["JL205"] 
 32 114 1270 781758.41 7407718.77 ["syagrus"] ["JL205"] 
 32 114 1271 781777.58 7407713.82 ["pereskia"] ["JL217"] 
 32 114 1272 781784.17 7407732.49 ["pereskia"] ["JL225"] 
 32 114 1273 781774.42 7407749.72 ["pereskia"] ["JL197"] 
 32 114 1274 781774.42 7407749.72 ["syagrus"] ["JL226"] 
 32 114 1275 781774.42 7407749.72 ["syagrus"] ["JL226"] 
 32 114 1276 781773.36 7407769.5 ["syagrus"] ["JL226"] 
 32 114 1277 781754.24 7407764.34 ["pereskia"] ["JL185"] 
 32 114 1278 781773.36 7407769.5 ["syagrus"] ["JL35"] 
 32 114 1279 781773.36 7407769.5 ["syagrus"] ["JL35"] 
 32 114 1280 781784.99 7407785.52 ["syagrus"] ["JL93"] 
 32 114 1281 781784.99 7407785.52 ["syagrus"] ["JL93"] 
 32 114 1282 781784.99 7407785.52 ["syagrus"] ["JL93"] 
 32 114 1283 781765.24 7407786.95 ["syagrus"] ["JL179"] 
 32 114 1284 781765.24 7407786.95 ["syagrus"] ["JL179"] 
 32 114 1285 781747.71 7407777.75 ["syagrus"] ["JL179"] 
 32 114 1286 781732.82 7407797.2 ["pereskia"] ["JL107"] 
 32 114 1287 781719.32 7407801.41 ["syagrus"] ["JL240"] 
 32 114 1288 781723.52 7407814.91 ["syagrus"] ["JL240"] 
 32 114 1290 781726.05 7407823.02 ["pereskia"] ["JL216"] 
 32 114 1291 781726.05 7407823.02 ["pereskia"] ["JL216"] 
 32 114 1292 781726.05 7407823.02 ["pereskia"] ["JL216"] 
 
