 3534 32 114 781560.66 7407750.19 "sleeptree" 281 
 32 114 782111.66 7407512.15 "sleeptree" 314 
 32 114 781947.97 7407583.84 "sleeptree" 345 
 32 114 781823.49 7407568.5 "sleeptree" 376 
 32 114 782169.52 7407328.7 "sleeptree" 420 
 32 114 782208.43 7407585.81 "sleeptree" 453 
 32 114 782271.72 7407688.79 "sleeptree" 524 
 32 114 782338.76 7407443.49 "sleeptree" 589 
 32 114 782419.15 7407517.69 "sleeptree" 621 
 32 114 782280.17 7407557.76 "sleeptree" 647 
 32 114 782406.1 7407430.01 "sleeptree" 690 
 32 114 782420.46 7407766.85 "sleeptree" 717 
 32 114 782416.2 7407676.72 "sleeptree" 758 
 32 114 782042.08 7407663.97 "sleeptree" 785 
 32 114 782195.4 7407765.94 "sleeptree" 818 
 32 114 781929.09 7407764.71 "sleeptree" 847 
 32 114 781812.15 7407533.87 "sleeptree" 878 
 32 114 781856.91 7407469.73 "sleeptree" 918 
 32 114 782041.3 7407672.44 "sleeptree" 953 
 32 114 782012.24 7407672.05 "sleeptree" 990 
 32 114 782047.51 7407858.22 "sleeptree" 1022 
 32 114 781654.11 7408064.24 "sleeptree" 1049 
 32 114 781650.26 7407952.29 "sleeptree" 1092 
 32 114 781758.91 7408108.33 "sleeptree" 1119 
 32 114 781830.71 7408140.73 "sleeptree" 1148 
 32 114 782089 7407952.44 "sleeptree" 1192 
 32 114 781856.71 7407648.93 "sleeptree" 1229 
 32 114 781678.29 7407644.37 "sleeptree" 1263 
 32 114 781683.76 7407676.58 "sleeptree" 1296 
 
