 3410 781786.88 7407740.61 "rest" 271 
 781815.31 7407730.41 "rest" 276 
 781823.77 7407693.37 "rest" 282 
 781871.49 7407682.1 "rest" 283 
 781838.8 7407644.89 "rest" 284 
 781847.57 7407751.75 "rest" 286 
 781797.03 7407643.09 "rest" 298 
 781811.95 7407672.4 "rest" 306 
 781819.39 7407718.91 "rest" 312 
 781796.94 7407751.28 "rest" 313 
 781749.55 7407807.71 "rest" 314 
 781657.39 7407870.4 "rest" 316 
 781757.32 7407735.04 "rest" 327 
 781806.02 7407716.68 "rest" 328 
 781813.96 7407713.69 "rest" 330 
 781814.54 7407726.97 "rest" 333 
 781810.64 7407711.34 "rest" 337 
 781788.09 7407670.09 "rest" 341 
 781736.47 7407680.7 "rest" 342 
 781767.24 7407790.29 "rest" 357 
 781755.88 7407816.57 "rest" 368 
 781765.59 7407805.96 "rest" 369 
 781782.51 7407818.43 "rest" 370 
 781869.7 7407934.08 "rest" 372 
 781862.1 7407902.17 "rest" 403 
 781858.73 7407902.51 "rest" 404 
 781848.45 7407901.68 "rest" 406 
 781830.29 7407862.57 "rest" 407 
 781822.23 7407782.64 "rest" 409 
 781661.34 7407748.2 "rest" 432 
 781656.87 7407737.59 "rest" 436 
 781656.89 7407746.54 "rest" 441 
 781648.53 7407737.37 "rest" 442 
 781664.54 7407704.43 "rest" 443 
 781686.43 7407695.2 "rest" 444 
 781746.39 7407669.94 "rest" 446 
 781749.57 7407751.37 "rest" 463 
 781689.76 7407744.5 "rest" 471 
 781700.99 7407741.94 "rest" 472 
 781728.41 7407745.94 "rest" 473 
 781687.9 7407721.9 "rest" 474 
 781718.5 7407741.02 "rest" 482 
 781717.54 7407728.61 "rest" 484 
 781788.26 7407723.17 "rest" 496 
 781792.09 7407728.75 "rest" 497 
 781819.51 7407739.08 "rest" 498 
 781837.6 7407711.61 "rest" 499 
 781819.93 7407723 "rest" 500 
 781717.83 7407730.86 "rest" 502 
 781757.53 7407724.66 "rest" 521 
 781744.62 7407707.19 "rest" 528 
 781716.44 7407735.25 "rest" 529 
 781729.28 7407744.98 "rest" 530 
 781834.31 7407869.22 "rest" 554 
 781836.02 7407872.15 "rest" 555 
 781830.24 7407893.87 "rest" 556 
 781755.39 7407960.69 "rest" 593 
 781757.17 7407957.8 "rest" 594 
 781695.64 7407949.41 "rest" 604 
 781718.42 7408208.85 "rest" 615 
 781721.48 7408210.33 "rest" 616 
 781749.98 7408193.58 "rest" 626 
 781686.74 7408120.22 "rest" 627 
 781704.9 7408088.41 "rest" 628 
 781680.74 7408018.35 "rest" 630 
 781761.49 7408068.47 "rest" 639 
 781768.11 7408063.17 "rest" 641 
 781858.73 7408127.14 "rest" 651 
 781795.28 7408134.22 "rest" 652 
 781776.29 7408146.35 "rest" 653 
 781765.33 7408132.66 "rest" 654 
 781764.74 7408158.75 "rest" 655 
 781671.71 7408197.05 "rest" 657 
 781693.14 7408166.5 "rest" 668 
 781674.33 7408219.97 "rest" 677 
 781707.31 7408211.21 "rest" 678 
 781736.78 7408180.63 "rest" 679 
 781751.58 7408163.64 "rest" 680 
 781756 7408047.18 "rest" 682 
 781762.71 7408063.21 "rest" 699 
 781753.87 7408093.63 "rest" 701 
 781807.52 7408112.56 "rest" 705 
 781793.45 7408095.56 "rest" 708 
 781790 7408143.26 "rest" 709 
 781787.63 7408151.41 "rest" 710 
 781815.45 7408142.22 "rest" 711 
 781975.27 7408199.1 "rest" 713 
 781907 7408064.57 "rest" 722 
 781902.15 7408057.6 "rest" 724 
 781899.07 7408074.87 "rest" 729 
 781932.08 7408052.03 "rest" 735 
 781936.06 7408029.75 "rest" 736 
 782002.69 7408012.91 "rest" 737 
 782014.83 7407992.09 "rest" 738 
 782034.09 7407998.03 "rest" 739 
 781971.15 7408028.45 "rest" 756 
 781918.92 7408060.08 "rest" 761 
 781973.75 7408110.26 "rest" 766 
 781972.9 7408067.07 "rest" 767 
 781965.75 7408056.89 "rest" 768 
 782083.96 7407996.16 "rest" 770 
 781957.43 7408020.02 "rest" 796 
 781955.47 7408028.28 "rest" 797 
 781960.15 7408096.79 "rest" 825 
 781949.1 7408069.5 "rest" 831 
 781908.34 7408065.42 "rest" 835 
 781803.97 7408071.76 "rest" 836 
 781820.04 7408090.21 "rest" 837 
 781985.83 7408027.69 "rest" 860 
 782002.6 7408043.54 "rest" 862 
 782000.89 7408016.91 "rest" 863 
 781948.17 7408076.08 "rest" 875 
 781978.36 7408033.68 "rest" 876 
 781983.73 7408030.28 "rest" 882 
 781968.26 7408034.76 "rest" 887 
 781939.23 7408016.67 "rest" 890 
 781914.01 7408028.35 "rest" 891 
 781924.61 7408026.57 "rest" 892 
 781916.25 7408027.98 "rest" 893 
 781950.78 7408052.39 "rest" 894 
 781948.02 7408036.01 "rest" 895 
 781917.55 7408058.02 "rest" 908 
 781870.81 7408050.8 "rest" 913 
 781797.37 7408033.16 "rest" 919 
 781844.48 7408010.13 "rest" 920 
 781823 7407969.65 "rest" 921 
 781866.3 7407987.23 "rest" 922 
 781811.87 7407969.77 "rest" 946 
 781785.32 7407983.83 "rest" 950 
 781723.38 7407918.02 "rest" 957 
 781695.01 7407890.67 "rest" 958 
 781780.92 7407601.51 "rest" 974 
 781778.28 7407554.75 "rest" 978 
 781741.03 7407521.12 "rest" 983 
 781656.11 7407524.47 "rest" 985 
 781678.96 7407661.95 "rest" 1004 
 781702.5 7407710.48 "rest" 1011 
 781726.66 7407738.2 "rest" 1012 
 781735.23 7407751.77 "rest" 1013 
 781729.74 7407672.86 "rest" 1026 
 781735.63 7407666.75 "rest" 1027 
 781781.95 7407653.5 "rest" 1038 
 781843.37 7407679.19 "rest" 1039 
 781745.8 7407638.3 "rest" 1041 
 781994.69 7407452.74 "rest" 1058 
 781956.9 7407448.11 "rest" 1069 
 781924.36 7407603.76 "rest" 1086 
 781920.99 7407603.37 "rest" 1087 
 781953.29 7407644.18 "rest" 1091 
 781942.68 7407683.37 "rest" 1094 
 782014.56 7407685.84 "rest" 1095 
 782026.97 7407662.98 "rest" 1096 
 781902.02 7407646.99 "rest" 1117 
 781906.85 7407653.97 "rest" 1119 
 781898.75 7407627.95 "rest" 1123 
 781854.98 7407812.44 "rest" 1125 
 781740 7407931.07 "rest" 1157 
 781863.22 7408035.78 "rest" 1190 
 781843.33 7408046.59 "rest" 1197 
 781811.09 7408093.54 "rest" 1202 
 781818.8 7408102.72 "rest" 1203 
 781814.67 7408112.46 "rest" 1204 
 
