 3410 781844.22 7407743.96 "sleeptree" 285 
 781667.69 7407863.4 "sleeptree" 315 
 781800.07 7407764.36 "sleeptree" 343 
 781867.66 7407931.37 "sleeptree" 371 
 781824.62 7407806.28 "sleeptree" 408 
 781738.57 7407673.23 "sleeptree" 445 
 781654.72 7407801.29 "sleeptree" 475 
 781721.22 7407730.6 "sleeptree" 501 
 781969.42 7407858.67 "sleeptree" 531 
 781769.06 7407929.34 "sleeptree" 557 
 781602.81 7408138.54 "sleeptree" 605 
 781681.85 7408021.55 "sleeptree" 629 
 781675.08 7408197.43 "sleeptree" 656 
 781755.87 7408050.57 "sleeptree" 681 
 781925.29 7408184.57 "sleeptree" 712 
 781873 7408117.45 "sleeptree" 740 
 782077.02 7408001.04 "sleeptree" 769 
 781916.24 7408193.41 "sleeptree" 798 
 781837.03 7408259.08 "sleeptree" 838 
 781892.49 7408049.37 "sleeptree" 864 
 781952.71 7408063.91 "sleeptree" 896 
 781892.82 7408037.2 "sleeptree" 923 
 781647.16 7407788.14 "sleeptree" 959 
 781557.48 7407533.18 "sleeptree" 986 
 781724.03 7407708.47 "sleeptree" 1014 
 781762.91 7407654.79 "sleeptree" 1040 
 781963.53 7407576.02 "sleeptree" 1070 
 781970.77 7407656.43 "sleeptree" 1097 
 781864.31 7407761.23 "sleeptree" 1124 
 781763.72 7407932.34 "sleeptree" 1156 
 781868.7 7408211.88 "sleeptree" 1205 
 
